INVx2_ASAP7_75t_R
  A->Y negative_unate
    Rise Delay
      5, 10, 20, 40, 80, 160, 320
      1.44, 2.88, 5.76, 11.52, 23.04, 46.08, 92.16
      4.89116, 6.83512, 10.7036, 18.2808, 33.4802, 63.7118, 124.294, 6.27745, 8.52927, 12.3304, 19.9639, 35.1223, 65.3697, 125.889, 8.25895, 11.2629, 15.8389, 23.4689, 38.5453, 68.7406, 129.233, 10.978, 14.9511, 21.1601, 30.3434, 45.7047, 75.9444, 136.188, 14.7425, 20.1642, 28.4331, 40.8575, 59.4439, 89.9515, 150.031, 20.3441, 27.3995, 38.5863, 55.3843, 80.322, 117.479, 178.268, 28.7247, 38.2065, 52.6754, 75.2637, 109.333, 159.068, 234.122
    Fall Delay
      5, 10, 20, 40, 80, 160, 320
      1.44, 2.88, 5.76, 11.52, 23.04, 46.08, 92.16
      4.47426, 6.20442, 9.5891, 16.3103, 29.6125, 56.3383, 109.688, 5.5889, 7.70026, 11.1566, 17.8942, 31.1912, 57.9566, 111.218, 7.02784, 9.84565, 14.151, 21.0103, 34.3626, 60.9401, 114.352, 8.81972, 12.6278, 18.3764, 26.9845, 40.8532, 67.3162, 120.692, 10.8972, 15.9492, 23.5895, 35.3561, 52.8341, 80.2448, 133.61, 13.0908, 19.7824, 30.0078, 45.5245, 69.041, 104.484, 160.105, 14.6247, 23.7224, 37.5652, 58.4144, 90.0868, 136.842, 207.862 
    Rise Transition
      5, 10, 20, 40, 80, 160, 320
      1.44, 2.88, 5.76, 11.52, 23.04, 46.08, 92.16
      5.83293, 9.88371, 18.2852, 35.4291, 69.7302, 138.337, 275.54, 7.14208, 10.8632, 18.8827, 35.5389, 69.7085, 138.338, 275.545, 9.6572, 13.5137, 20.9394, 36.8133, 70.0552, 138.347, 275.539, 13.1144, 18.0759, 26.1779, 41.0846, 72.7818, 139.065, 275.544, 18.4078, 24.8314, 35.0419, 51.5833, 81.2424, 144.609, 277.24, 26.4749, 34.8963, 48.6628, 69.0515, 102.111, 161.596, 288.277, 39.5437, 50.7931, 67.9663, 95.4701, 137.035, 203.838, 322.286     
    Fall Transition
      5, 10, 20, 40, 80, 160, 320
      1.44, 2.88, 5.76, 11.52, 23.04, 46.08, 92.16
      4.93445, 8.26527, 15.1843, 29.3622, 57.8081, 114.677, 228.434, 6.23035, 9.29738, 15.8626, 29.5514, 57.8032, 114.699, 228.434, 8.21235, 11.8719, 18.0044, 30.9762, 58.2821, 114.673, 228.438, 11.2927, 15.6055, 22.8061, 35.4371, 61.4726, 115.705, 228.454, 16.1518, 21.6202, 30.4462, 45.0052, 70.3492, 122.169, 230.78, 24.154, 31.0164, 42.1209, 60.0985, 89.3487, 139.864, 243.385, 37.257, 46.4947, 60.8432, 83.1411, 119.473, 177.921, 279.473 
    DC Current
      0.285524, 0.294494
      -0.77, -0.385, -0.154, -0.077, 0, 0.0385, 0.077, 0.1155, 0.154, 0.1925, 0.231, 0.2695, 0.308, 0.3465, 0.385, 0.4235, 0.462, 0.5005, 0.539, 0.5775, 0.616, 0.6545, 0.693, 0.7315, 0.77, 0.847, 0.924, 1.155, 1.54
      -0.77, -0.385, -0.154, -0.077, 0, 0.0385, 0.077, 0.1155, 0.154, 0.1925, 0.231, 0.2695, 0.308, 0.3465, 0.385, 0.4235, 0.462, 0.5005, 0.539, 0.5775, 0.616, 0.6545, 0.693, 0.7315, 0.77, 0.847, 0.924, 1.155, 1.54
      0.56573, 0.534522, 0.518696, 0.51316, 0.506656, 0.50275, 0.498195, 0.492791, 0.486301, 0.47845, 0.468923, 0.457372, 0.443419, 0.426672, 0.406273, 0.382697, 0.355241, 0.323678, 0.287901, 0.247954, 0.204061, 0.156635, 0.106282, 0.0537717, -1.46216e-07, -0.107512, -0.208823, -0.426974, -0.516859, 0.634957, 0.544044, 0.507119, 0.493516, 0.47897, 0.471227, 0.463074, 0.45441, 0.445101, 0.434978, 0.423827, 0.411389, 0.397356, 0.381376, 0.363061, 0.342012, 0.31784, 0.290206, 0.258865, 0.223461, 0.184521, 0.142122, 0.096756, 0.0491088, -8.38708e-08, -0.0990973, -0.193632, -0.405309, -0.513658, 0.740975, 0.478195, 0.444025, 0.430992, 0.416758, 0.409106, 0.401037, 0.392496, 0.383415, 0.373704, 0.363252, 0.351912, 0.339495, 0.325758, 0.310401, 0.293059, 0.273324, 0.250768, 0.224992, 0.195698, 0.16275, 0.126243, 0.0864135, 0.0441094, -6.1864e-08, -0.090297, -0.177889, -0.382854, -0.51009, 0.752987, 0.437943, 0.402057, 0.390681, 0.37822, 0.371497, 0.364388, 0.356841, 0.34879, 0.340161, 0.330856, 0.320756, 0.309708, 0.297515, 0.283924, 0.268617, 0.251208, 0.231259, 0.208322, 0.182005, 0.152065, 0.118489, 0.0814708, 0.0417409, -5.75605e-08, -0.0861976, -0.170605, -0.372672, -0.508349, 0.745939, 0.406228, 0.347632, 0.338319, 0.328175, 0.322712, 0.316937, 0.310801, 0.304248, 0.297207, 0.289592, 0.281299, 0.272198, 0.262123, 0.250865, 0.238155, 0.223652, 0.206933, 0.18752, 0.164928, 0.138773, 0.108887, 0.0754254, 0.0388349, -9.94651e-08, -0.0812197, -0.1618, -0.360548, -0.50614, 0.735072, 0.394549, 0.316168, 0.307888, 0.298977, 0.294197, 0.289155, 0.283807, 0.278102, 0.271975, 0.265347, 0.258121, 0.250175, 0.241357, 0.231473, 0.220277, 0.207451, 0.192592, 0.175218, 0.154807, 0.130892, 0.103206, 0.071814, 0.0371269, -2.83573e-07, -0.0783174, -0.156687, -0.353598, -0.504801, 0.7196, 0.384185, 0.282585, 0.275119, 0.267414, 0.26331, 0.258998, 0.25444, 0.249592, 0.244398, 0.238789, 0.232677, 0.225952, 0.218474, 0.210066, 0.200499, 0.189478, 0.176626, 0.161467, 0.14345, 0.122029, 0.0968156, 0.0677595, 0.035247, -1.1643e-06, -0.0750835, -0.151006, -0.345953, -0.503262, 0.700002, 0.374414, 0.248205, 0.240649, 0.234049, 0.230585, 0.226967, 0.223164, 0.21914, 0.214849, 0.210235, 0.205224, 0.19972, 0.193602, 0.186709, 0.178833, 0.169703, 0.158966, 0.146164, 0.130735, 0.112058, 0.0896122, 0.063192, 0.0330829, -5.33544e-06, -0.0714692, -0.144676, -0.337521, -0.501486, 0.676966, 0.36496, 0.215794, 0.205415, 0.199643, 0.19676, 0.193776, 0.190663, 0.187393, 0.183933, 0.180239, 0.176253, 0.171901, 0.167082, 0.16166, 0.155456, 0.148225, 0.139644, 0.129282, 0.11658, 0.100868, 0.081484, 0.0580274, 0.0306323, -2.50286e-05, -0.0674282, -0.137613, -0.328212, -0.499443, 0.650903, 0.355878, 0.18883, 0.170977, 0.165136, 0.162738, 0.160307, 0.157799, 0.15519, 0.152457, 0.149569, 0.146486, 0.143152, 0.139495, 0.13541, 0.130753, 0.125321, 0.118831, 0.110889, 0.100964, 0.088362, 0.0722981, 0.0521419, 0.0278034, -0.000117468, -0.062955, -0.129772, -0.317981, -0.497146, 0.623751, 0.347448, 0.168798, 0.140106, 0.131599, 0.129469, 0.12748, 0.125475, 0.123419, 0.121291, 0.119071, 0.116734, 0.114244, 0.111553, 0.10859, 0.105255, 0.101396, 0.096789, 0.091103, 0.0838559, 0.074374, 0.0617917, 0.045238, 0.0243117, -0.000540876, -0.0582511, -0.121325, -0.307023, -0.494949, 0.596232, 0.340106, 0.154972, 0.115799, 0.100169, 0.0976154, 0.0958336, 0.094187, 0.092548, 0.0908823, 0.0891731, 0.087404, 0.0855542, 0.0835956, 0.081487, 0.079167, 0.0765408, 0.0734574, 0.0696744, 0.0648027, 0.0582392, 0.04911, 0.0363448, 0.0191508, -0.00230249, -0.0542982, -0.113251, -0.296396, -0.494213, 0.56953, 0.334383, 0.145914, 0.0983887, 0.0719609, 0.0670651, 0.0647773, 0.0631782, 0.0617464, 0.0603542, 0.0589641, 0.0575585, 0.0561231, 0.0546419, 0.0530933, 0.0514458, 0.0496493, 0.0476213, 0.0452186, 0.0421849, 0.0380617, 0.03207, 0.0230509, 0.00979873, -0.00796275, -0.0536653, -0.108133, -0.28878, -0.497852, 0.544772, 0.330837, 0.140522, 0.0861762, 0.0479612, 0.0380333, 0.0333785, 0.0310378, 0.0294236, 0.028042, 0.0267494, 0.0254956, 0.0242571, 0.0230189, 0.0217674, 0.0204867, 0.0191541, 0.0177327, 0.0161568, 0.0142992, 0.0118971, 0.0084016, 0.00275974, -0.00652427, -0.0203613, -0.0591708, -0.108733, -0.286716, -0.508204, 0.522923, 0.329965, 0.138388, 0.0780758, 0.0289018, 0.0126421, 0.00316352, -0.00156428, -0.00415674, -0.00594253, -0.0074051, -0.00871517, -0.0099422, -0.0111198, -0.0122673, -0.0133986, -0.0145267, -0.0156672, -0.0168449, -0.0181069, -0.0195581, -0.0214614, -0.0244994, -0.0301465, -0.0399489, -0.0712887, -0.115444, -0.290161, -0.524849, 0.505124, 0.332075, 0.139479, 0.0738369, 0.0151332, -0.00724465, -0.0227107, -0.0317376, -0.0366788, -0.0396125, -0.0416592, -0.0432887, -0.0446969, -0.0459738, -0.0471657, -0.048299, -0.0493908, -0.0504537, -0.0514998, -0.0525453, -0.0536213, -0.0548098, -0.0563805, -0.0592621, -0.0652639, -0.0887834, -0.127002, -0.297389, -0.545831, 0.490678, 0.337145, 0.143648, 0.0732593, 0.00649773, -0.0212434, -0.0425437, -0.0568342, -0.0655592, -0.0707495, -0.0740545, -0.0764118, -0.0782684, -0.0798375, -0.0812271, -0.0824962, -0.0836799, -0.0848001, -0.0858721, -0.0869076, -0.087919, -0.0889281, -0.0900041, -0.0914785, -0.094556, -0.110462, -0.142186, -0.30662, -0.569179, 0.47982, 0.344648, 0.15029, 0.0756864, 0.00216555, -0.0301152, -0.0566075, -0.0761875, -0.0894681, -0.0980131, -0.103477, -0.107169, -0.109876, -0.112016, -0.113809, -0.115377, -0.116791, -0.118093, -0.119312, -0.120466, -0.12157, -0.122636, -0.123684, -0.124796, -0.126408, -0.13579, -0.160529, -0.316583, -0.593314, 0.471603, 0.353376, 0.158134, 0.0797824, 0.000570536, -0.0355091, -0.0664658, -0.0909238, -0.108875, -0.1214, -0.12987, -0.135626, -0.139715, -0.142802, -0.145272, -0.147346, -0.149152, -0.150771, -0.152252, -0.153629, -0.154925, -0.156158, -0.157342, -0.158501, -0.159748, -0.164821, -0.18214, -0.326541, -0.616992, 0.464537, 0.361824, 0.165787, 0.0841328, 0.000129068, -0.0391084, -0.0738317, -0.102581, -0.124946, -0.141562, -0.153516, -0.161963, -0.167994, -0.172457, -0.175919, -0.178729, -0.181101, -0.183169, -0.185018, -0.186704, -0.188264, -0.189728, -0.191111, -0.192436, -0.193735, -0.196985, -0.207454, -0.336214, -0.639181, 0.457494, 0.368743, 0.172568, 0.0880513, 2.70697e-05, -0.041823, -0.0796879, -0.112105, -0.138441, -0.158953, -0.17447, -0.185956, -0.194381, -0.200638, -0.205424, -0.209222, -0.212348, -0.215006, -0.217329, -0.219406, -0.221295, -0.22304, -0.224666, -0.226205, -0.227673, -0.230609, -0.236416, -0.345714, -0.659, 0.450064, 0.374638, 0.178375, 0.0914034, 5.51518e-06, -0.0440074, -0.0844828, -0.119991, -0.149784, -0.173852, -0.192767, -0.20734, -0.218405, -0.226781, -0.233202, -0.238247, -0.242329, -0.245733, -0.248649, -0.251207, -0.253495, -0.255576, -0.257488, -0.259278, -0.260962, -0.26412, -0.26792, -0.355572, -0.675689, 0.442224, 0.379246, 0.183306, 0.0942406, 1.11583e-06, -0.0458109, -0.0884586, -0.126555, -0.159304, -0.186518, -0.208547, -0.226057, -0.239781, -0.250441, -0.258726, -0.265245, -0.270481, -0.27479, -0.278426, -0.281565, -0.284329, -0.286808, -0.289062, -0.29113, -0.293065, -0.296609, -0.300025, -0.366263, -0.688612, 0.434064, 0.382708, 0.187491, 0.0966454, 2.27702e-07, -0.0473179, -0.0917803, -0.132044, -0.16729, -0.197227, -0.222032, -0.242226, -0.258464, -0.271395, -0.281642, -0.289787, -0.296336, -0.301696, -0.306173, -0.309991, -0.313312, -0.316251, -0.318893, -0.321284, -0.323503, -0.327505, -0.331117, -0.378479, -0.697269, 0.425689, 0.385168, 0.191047, 0.0986929, 4.92089e-08, -0.0485879, -0.0945734, -0.136653, -0.174, -0.206256, -0.233478, -0.256059, -0.274574, -0.289629, -0.301796, -0.31161, -0.319562, -0.326076, -0.331493, -0.336078, -0.340027, -0.343487, -0.346565, -0.34934, -0.351853, -0.356366, -0.360337, -0.392714, -0.701329, 0.408643, 0.387583, 0.196648, 0.101951, 7.37581e-09, -0.0505865, -0.0989468, -0.143836, -0.184419, -0.220266, -0.251045, -0.277721, -0.299963, -0.318556, -0.334035, -0.346888, -0.35755, -0.366413, -0.373824, -0.380081, -0.385426, -0.390054, -0.394112, -0.397717, -0.400957, -0.406572, -0.411402, -0.427398, -0.695284, 0.391634, 0.387359, 0.200707, 0.104377, 9.74171e-09, -0.0520623, -0.102144, -0.149035, -0.191882, -0.230214, -0.2636, -0.292679, -0.317549, -0.338969, -0.356807, -0.371879, -0.384623, -0.395411, -0.404567, -0.41237, -0.419064, -0.424855, -0.429912, -0.434374, -0.438351, -0.44518, -0.450873, -0.464438, -0.67186, 0.343635, 0.376751, 0.207142, 0.108693, 4.99228e-08, -0.0546985, -0.107703, -0.157769, -0.203957, -0.245413, -0.282328, -0.314552, -0.342318, -0.365999, -0.386435, -0.403327, -0.417587, -0.429686, -0.44004, -0.448991, -0.456813, -0.463715, -0.469857, -0.475364, -0.480332, -0.488955, -0.496203, -0.512578, -0.559011, 0.278622, 0.345017, 0.208336, 0.111321, 3.47831e-07, -0.056467, -0.111064, -0.162245, -0.208611, -0.249744, -0.285228, -0.315126, -0.339777, -0.359694, -0.375479, -0.388104, -0.397429, -0.404413, -0.409549, -0.413264, -0.415916, -0.417798, -0.419148, -0.420155, -0.420959, -0.422358, -0.423853, -0.430007, -0.442258 
    Current Rise
      49
      2.49291
      5
      1.44
      3.99446, 4.35728, 4.90234, 5.7231, 6.31247, 6.65071, 6.85416, 7.96437, 10.1517, 11.043, 12.1797, 13.5584, 15.0836, 16.0728
      0.0146365, 0.107744, 0.141855, 0.179843, 0.196574, 0.200168, 0.220307, 0.17777, 0.0819371, 0.0535239, 0.0298172, 0.0141973, 0.00618943, 0.00374491
      2.49291
      5
      2.88
      3.96596, 4.71596, 5.76287, 6.62221, 6.85642, 8.34495, 9.95517, 14.3817, 16.0425, 17.8368, 18.8721, 20.2276, 23.138, 25.744, 28.1464
      0.0038671, 0.146247, 0.210026, 0.243523, 0.270959, 0.243013, 0.207883, 0.0893437, 0.0568396, 0.0336691, 0.0246779, 0.0162455, 0.00661581, 0.00280408, 0.00201368
      2.49291
      5
      5.76
      4.31512, 5.02881, 6.61931, 6.76473, 10.4972, 13.7423, 21.3664, 24.4349, 26.947, 28.7132, 32.295, 36.4607, 39.6651, 45.593, 52.5337
      0.0672304, 0.181593, 0.268654, 0.29891, 0.265628, 0.229018, 0.114249, 0.0748351, 0.0512539, 0.038832, 0.0217777, 0.0109852, 0.00638592, 0.00218841, 0.000580376
      2.49291
      5
      11.52
      4.72819, 5.83465, 6.86207, 6.97342, 15.5694, 20.5655, 27.4891, 39.2547, 45.3109, 50.8297, 57.7602, 65.7696, 71.9292, 80.0609
      0.227984, 0.238212, 0.315038, 0.311442, 0.27338, 0.244572, 0.194221, 0.0989392, 0.0628, 0.0402491, 0.022544, 0.0113999, 0.0066434, 0.0035374
      2.49291
      5
      23.04
      5.40437, 5.42437, 9.78215, 23.0859, 35.5656, 43.5375, 65.1782, 75.8709, 85.7502, 92.7043, 98.6098, 107.475, 124.639, 137.203, 159.75, 186.154
      1e-22, 0.35623, 0.314387, 0.284243, 0.24826, 0.220027, 0.128621, 0.0883617, 0.060138, 0.0451995, 0.0353189, 0.0242163, 0.011493, 0.00655865, 0.00222874, 0.000593548
      2.49291
      5
      46.08
      5.49312, 5.51312, 12.9566, 40.5271, 65.3511, 92.3446, 138.017, 151.141, 162.062, 183.454, 206.003, 222.304, 243.665, 270.069, 296.473, 316.273
      1e-22, 0.363185, 0.317804, 0.286423, 0.250187, 0.199198, 0.102102, 0.079731, 0.0642596, 0.041265, 0.0254771, 0.0178398, 0.0111573, 0.00613491, 0.00337062, 0.00266579
      2.49291
      5
      92.16
      6.93053, 6.95053, 24.711, 74.0793, 126.629, 178.92, 269.858, 303.064, 334.497, 367.749, 405.205, 447.447, 477.211, 530.018, 582.826, 617.043
      1e-22, 0.39549, 0.317232, 0.28865, 0.250016, 0.19992, 0.102646, 0.0746798, 0.0543295, 0.0382723, 0.0255579, 0.0160813, 0.0116553, 0.00649422, 0.0036159, 0.00297279
      4.98582
      10
      1.44
      5.99695, 6.74427, 8.3391, 9.79166, 10.5434, 11.2926, 12.2112, 13.3095, 13.5092, 15.2345, 16.2671, 17.1345, 18.5161, 20.1635, 21.0142
      0.0044475, 0.0550002, 0.106635, 0.143132, 0.152461, 0.155461, 0.1441, 0.112816, 0.11499, 0.0538041, 0.0316349, 0.0199777, 0.0094368, 0.00376485, 0.00306469
      4.98582
      10
      2.88
      6.59575, 8.1059, 9.91589, 11.3955, 12.5638, 13.2832, 13.489, 13.7247, 18.509, 19.9734, 22.0504, 24.944, 26.6993, 31.871, 35.9279
      0.0528339, 0.113724, 0.170531, 0.203156, 0.214321, 0.213557, 0.229465, 0.215106, 0.0912715, 0.0609252, 0.0332246, 0.0136648, 0.00790493, 0.0012784, 0.000490648
      4.98582
      10
      5.76
      6.54871, 7.749, 9.59492, 11.6645, 13.7731, 18.0209, 26.5082, 29.5041, 32.8995, 35.7013, 37.9189, 42.1725, 45.879, 52.3438, 60.0489
      0.0403179, 0.107562, 0.176943, 0.235292, 0.274592, 0.226675, 0.0993851, 0.0646788, 0.0381833, 0.0243667, 0.016899, 0.0083987, 0.00443921, 0.00135923, 0.000280515
      4.98582
      10
      11.52
      6.55417, 8.5802, 10.1096, 13.7024, 13.9283, 16.14, 21.2428, 27.7861, 40.8575, 46.6727, 51.8562, 55.0426, 60.7203, 64.9372, 72.6838, 79.4044, 91.7434, 106.373
      0.0302482, 0.145017, 0.20338, 0.303021, 0.299632, 0.291143, 0.265457, 0.223571, 0.117626, 0.0776971, 0.0518289, 0.0399691, 0.0249256, 0.0173995, 0.00898375, 0.00496232, 0.00153027, 0.000340891
      4.98582
      10
      23.04
      7.93125, 10.816, 13.8993, 28.3676, 40.0537, 51.1638, 76.1845, 86.6892, 99.5626, 110.174, 118.578, 134.692, 148.734, 159.82
      0.188294, 0.230795, 0.315624, 0.281561, 0.247262, 0.206362, 0.101471, 0.0682153, 0.0402957, 0.0257192, 0.017852, 0.00885754, 0.00470278, 0.00321708
      4.98582
      10
      46.08
      8.5892, 12.1901, 13.4664, 13.6324, 46.3006, 69.4384, 96.4725, 142.248, 166.01, 187.456, 214.103, 245.703, 270.006, 296.41, 311.863
      0.279987, 0.280562, 0.323156, 0.320784, 0.28421, 0.250168, 0.199095, 0.101821, 0.0644311, 0.0413299, 0.0233199, 0.0116784, 0.00675413, 0.00371134, 0.00310579
      4.98582
      10
      92.16
      10.0897, 10.1097, 24.1212, 79.6413, 133.549, 182.88, 273.816, 305.975, 338.45, 371.707, 409.164, 435.567, 481.171, 533.978, 586.785, 629.103
      1e-22, 0.377866, 0.31921, 0.287476, 0.2474, 0.200028, 0.102562, 0.07551, 0.0543805, 0.0383183, 0.025602, 0.019174, 0.0116176, 0.00645752, 0.00358018, 0.00278555
      9.97165
      20
      1.44
      9.90772, 16.1309, 17.1825, 18.4575, 19.1181, 20.1133, 23.7852, 24.6846, 25.7885, 26.5552, 27.1423, 28.4376, 29.7418, 31.7344, 34.2188
      0.00437629, 0.100274, 0.110131, 0.116427, 0.115894, 0.105785, 0.0338148, 0.0223058, 0.0132487, 0.00902612, 0.0113205, 0.00550971, 0.00296101, 0.000599387, 0.000349469
      9.97165
      20
      2.88
      11.3539, 12.603, 16.2575, 18.4211, 19.8578, 21.2169, 22.4789, 23.2103, 26.6039, 26.7598, 28.7676, 31.1549, 33.6206, 36.1838, 38.302
      0.0514671, 0.0523197, 0.117935, 0.147002, 0.161426, 0.164961, 0.162378, 0.155513, 0.0945484, 0.0979997, 0.0572504, 0.028414, 0.0133361, 0.00596056, 0.0042862
      9.97165
      20
      5.76
      10.6816, 13.353, 19.386, 22.4316, 23.7488, 24.8066, 27.0996, 36.2992, 38.8654, 42.2929, 44.6512, 49.1128, 52.3597, 58.2879, 65.2457
      0.00985072, 0.0727211, 0.180633, 0.213094, 0.220782, 0.223018, 0.219057, 0.0835662, 0.0571695, 0.0333794, 0.0228102, 0.0109476, 0.00632324, 0.00216057, 0.000576292
      9.97165
      20
      11.52
      11.8077, 14.1142, 20.9168, 26.6712, 33.2564, 37.1133, 51.6171, 56.791, 63.3717, 69.1388, 73.3346, 80.932, 87.5133, 99.7578, 114.306
      0.0613632, 0.0925698, 0.216687, 0.281399, 0.243416, 0.216661, 0.0998957, 0.0679647, 0.0401145, 0.0248081, 0.0173727, 0.00906536, 0.00509404, 0.00157113, 0.000370844
      9.97165
      20
      23.04
      13.0715, 17.2754, 22.8697, 27.3217, 41.4681, 51.5835, 64.7263, 79.1559, 90.9993, 97.603, 107.865, 118.51, 126.906, 142.961, 156.947, 181.424, 207.827
      0.127902, 0.158927, 0.255652, 0.304258, 0.268309, 0.235877, 0.184364, 0.1223, 0.0797882, 0.0614519, 0.0402828, 0.0257392, 0.0178035, 0.00891954, 0.00468287, 0.00147382, 0.000334648
      9.97165
      20
      46.08
      14.9755, 22.2482, 27.6985, 52.0932, 78.4916, 98.4865, 151.785, 173.262, 195.653, 207.359, 222.967, 253.635, 277.21, 303.614, 326.91
      0.214647, 0.252429, 0.315927, 0.287436, 0.248896, 0.21206, 0.0995408, 0.0657935, 0.0414118, 0.0323029, 0.0230302, 0.0117701, 0.00692871, 0.00380465, 0.00286944
      9.97165
      20
      92.16
      17.4061, 26.8462, 27.3046, 81.2809, 137.57, 191.234, 281.888, 330.615, 373.015, 417.343, 443.746, 490.121, 542.929, 595.736, 617.98
      0.321129, 0.321542, 0.322755, 0.292107, 0.251407, 0.200369, 0.102778, 0.0641362, 0.0412174, 0.0258106, 0.0191189, 0.0114455, 0.00631268, 0.0034512, 0.00303616
      19.9433
      40
      1.44
      18.2904, 20.6926, 21.4557, 27.7344, 30.8775, 32.1881, 33.5023, 34.8292, 37.9557, 41.2338, 42.3974, 44.9557, 46.955
      0.0111983, 0.0146534, 0.0186532, 0.067357, 0.0834312, 0.0862912, 0.0820388, 0.0698415, 0.0291057, 0.00793269, 0.00473063, 0.0014472, 0.00113965
      19.9433
      40
      2.88
      19.1974, 21.3587, 23.2607, 28.4743, 32.8829, 34.756, 36.5741, 38.4322, 44.8587, 47.4995, 49.6087, 53.1087, 54.0147, 56.0785, 62.2442
      0.0233603, 0.0239807, 0.0380528, 0.0845807, 0.115298, 0.121292, 0.12311, 0.115433, 0.0399515, 0.0213448, 0.0118702, 0.00445381, 0.00614615, 0.00319766, 0.000275251
      19.9433
      40
      5.76
      19.9241, 22.7502, 32.4175, 34.5285, 38.2094, 41.0791, 43.6886, 45.8441, 53.2191, 57.9582, 61.2654, 64.9133, 71.0932, 77.4942, 85.1031
      0.0250615, 0.0377401, 0.126992, 0.142263, 0.163995, 0.170952, 0.167995, 0.156875, 0.0797465, 0.0412246, 0.0242379, 0.0133026, 0.00474615, 0.0014175, 0.000354468
      19.9433
      40
      11.52
      21.3187, 24.9069, 32.6555, 40.9092, 45.9243, 49.5687, 54.0961, 68.4108, 73.7993, 81.2982, 86.0653, 90.2827, 98.0327, 113.352
      0.0611202, 0.0614884, 0.137753, 0.201014, 0.222932, 0.226904, 0.219934, 0.100905, 0.0676204, 0.0368994, 0.024723, 0.0176113, 0.00877426, 0.0026844
      19.9433
      40
      23.04
      23.5615, 29.1568, 43.0071, 48.745, 53.703, 72.8288, 106.301, 113.651, 124.511, 135.653, 143.935, 159.151, 172.353, 196.605, 223.009
      0.106268, 0.109393, 0.231835, 0.264833, 0.280689, 0.220076, 0.0845913, 0.0635406, 0.0406832, 0.0254085, 0.0177098, 0.00916385, 0.00504004, 0.00156939, 0.000393483
      19.9433
      40
      46.08
      26.0954, 34.8112, 44.8321, 53.8206, 81.3088, 108.202, 172.193, 189.345, 212.4, 224.844, 241.435, 257.92, 284.906, 337.714, 390.521
      0.155177, 0.16759, 0.254652, 0.305606, 0.271054, 0.226343, 0.0934493, 0.0670145, 0.0416269, 0.0319625, 0.0222968, 0.0155616, 0.0085679, 0.00258378, 0.000776998
      19.9433
      40
      92.16
      25.8548, 34.7431, 44.9694, 53.5237, 102.955, 155.543, 205.445, 296.198, 340.626, 375.465, 392.258, 420.048, 440.565, 466.968, 507.36, 533.764, 586.571, 639.379, 771.398
      0.169479, 0.171091, 0.262623, 0.316974, 0.288557, 0.249905, 0.202559, 0.104913, 0.0686043, 0.0479675, 0.0401099, 0.0298674, 0.0238394, 0.0179161, 0.0114896, 0.00850244, 0.00470281, 0.00258909, 0.000636525
      39.8866
      80
      1.44
      33.9886, 39.1884, 40.9925, 52.3276, 54.6221, 57.185, 58.2473, 60.0506, 65.4791, 67.8111, 70.309, 71.5185
      0.00645848, 0.00812821, 0.0114961, 0.0535672, 0.0594056, 0.0620399, 0.0610037, 0.0543215, 0.0151236, 0.00656057, 0.0024876, 0.00174568
      39.8866
      80
      2.88
      33.8614, 38.5254, 41.1983, 45.3055, 54.385, 59.919, 63.1348, 64.8782, 67.5908, 74.5136, 79.3738, 83.1632, 87.6521, 91.241
      0.010319, 0.0107869, 0.0166854, 0.0315864, 0.071982, 0.0877546, 0.0907108, 0.0881944, 0.0747965, 0.0240375, 0.00791952, 0.00299915, 0.000815307, 0.00083021
      39.8866
      80
      5.76
      33.9448, 40.3078, 42.9448, 56.0095, 64.6299, 68.2726, 71.7887, 75.3028, 76.6774, 86.2461, 89.9448, 94.174, 99.4447, 106.445, 120.884
      0.00935896, 0.0185318, 0.0267502, 0.0861871, 0.118289, 0.12558, 0.126939, 0.120332, 0.114566, 0.0506995, 0.0315466, 0.0174237, 0.00793269, 0.00280888, 0.000431388
      39.8866
      80
      11.52
      36.3126, 44.211, 60.9231, 68.2902, 75.451, 80.6501, 85.7809, 91.191, 106.393, 114.201, 119.974, 128.471, 138.335, 150.622, 165.138
      0.0175159, 0.0358194, 0.114572, 0.144612, 0.166357, 0.173495, 0.171199, 0.156392, 0.0726712, 0.0399945, 0.0249001, 0.0120061, 0.00505625, 0.00160745, 0.000328413
      39.8866
      80
      23.04
      39.5897, 46.9739, 65.782, 78.937, 89.6796, 94.3422, 99.0287, 106.9, 140.806, 160.358, 169.872, 188.841, 203.174, 213.099
      0.0445591, 0.0515611, 0.143641, 0.196191, 0.223095, 0.228084, 0.229194, 0.219955, 0.0831848, 0.0378133, 0.0252491, 0.01104, 0.00581993, 0.00412039
      39.8866
      80
      46.08
      42.6423, 52.6423, 66.7294, 75.6423, 80.3306, 87.4763, 93.189, 99.1423, 103.043, 106.142, 108.295, 120.785, 129.506, 144.601, 161.95, 191.801, 200.764, 214.466, 225.873, 234.768, 250.594, 257.606, 269.113, 285.536, 296.094, 315.77, 342.005, 368.408, 394.812, 447.62
      0.0735135, 0.0815206, 0.152056, 0.19348, 0.212245, 0.238245, 0.25557, 0.269924, 0.277103, 0.28144, 0.280702, 0.26275, 0.248954, 0.221804, 0.185832, 0.12083, 0.103339, 0.079824, 0.0637408, 0.0531243, 0.0381186, 0.0328684, 0.0256253, 0.0179187, 0.0142042, 0.0092041, 0.005103, 0.00277575, 0.00154396, 0.000473206
      39.8866
      80
      92.16
      52.0645, 68.6067, 70.0374, 76.3145, 87.4691, 99.8145, 106.814, 158.973, 203.486, 240.195, 317.083, 375.371, 404.403, 442.883, 515.701
      0.165334, 0.168353, 0.171906, 0.218191, 0.245067, 0.296032, 0.306177, 0.274008, 0.237983, 0.202345, 0.118009, 0.0682073, 0.0508014, 0.0336039, 0.0150915
      79.7732
      160
      1.44
      61.4539, 70.3115, 75.0286, 79.7458, 84.4828, 97.2713, 102.623, 105.12, 108.134, 115.415, 117.268, 120.734, 123.612
      0.00209441, 0.00291501, 0.00401642, 0.00718682, 0.0132625, 0.0380351, 0.0443175, 0.0447299, 0.039569, 0.00907306, 0.00529673, 0.00182501, 0.000860697
      79.7732
      160
      2.88
      61.535, 71.9443, 79.0208, 81.9613, 101.989, 107.189, 110.649, 114.053, 117.46, 128.007, 133.852, 135.598
      0.00339632, 0.00512557, 0.0096115, 0.0128929, 0.0545543, 0.0626921, 0.0654372, 0.0648581, 0.0585122, 0.0146155, 0.00481568, 0.00359334
      79.7732
      160
      5.76
      66.3108, 79.5464, 83.3265, 88.3235, 107.328, 118.098, 122.933, 127.726, 132.534, 146.064, 151.726, 157.596, 162.606, 164.375
      0.00833094, 0.0143797, 0.0196156, 0.0290149, 0.0737453, 0.0899588, 0.0935598, 0.0912341, 0.0812885, 0.0263971, 0.0136876, 0.00650874, 0.00325255, 0.00274987
      79.7732
      160
      11.52
      70.5998, 84.796, 119.89, 127.769, 134.949, 141.858, 148.769, 151.769, 171.671, 177.52, 184.449, 192.229, 201.994, 212.769, 234.575
      0.0170512, 0.0266338, 0.105759, 0.119655, 0.127532, 0.129268, 0.122991, 0.116533, 0.0477056, 0.0322361, 0.0197653, 0.0109249, 0.00522412, 0.00212676, 0.00048473
      79.7732
      160
      23.04
      75.0855, 88.7741, 127.76, 144.593, 151.76, 159.901, 167.512, 170.041, 180.678, 212.76, 226.251, 237.31, 254.297, 274.284, 298.525, 324.928
      0.0348559, 0.0381831, 0.13091, 0.160545, 0.169861, 0.174904, 0.174498, 0.172986, 0.15858, 0.0690048, 0.0406581, 0.0254257, 0.0121947, 0.00501252, 0.00152859, 0.000415011
      79.7732
      160
      46.08
      79.2188, 95.3988, 127.399, 146.857, 158.841, 179.399, 190.774, 196.717, 201.761, 212.399, 212.572, 270.841, 291.876, 301.524, 318.35, 342.054, 354.843, 388.094, 414.498, 440.902, 493.71
      0.0534961, 0.0566105, 0.136349, 0.178279, 0.199598, 0.224703, 0.229987, 0.230034, 0.228653, 0.22072, 0.221461, 0.09906, 0.0660442, 0.0542567, 0.0381342, 0.0228773, 0.0173148, 0.00829513, 0.00456616, 0.00249504, 0.000744421
      79.7732
      160
      92.16
      91.7606, 116.626, 128.761, 146.623, 152.761, 168.546, 199.761, 214.156, 244.598, 285.263, 385.655, 443.941, 472.971, 511.457, 584.272
      0.105597, 0.10762, 0.154979, 0.180992, 0.213511, 0.229294, 0.272411, 0.282413, 0.261193, 0.226067, 0.118008, 0.0682077, 0.0508027, 0.0336029, 0.015092
      159.546
      320
      1.44
      121.78, 138.548, 149.222, 159.519, 167.339, 184.083, 190.95, 192.783, 195.425, 199.766, 209.702, 216.363, 220.531, 234.293, 235.241
      0.00145978, 0.00143459, 0.00243677, 0.00496722, 0.0100441, 0.0256958, 0.0302601, 0.0309956, 0.0312475, 0.0280753, 0.00608547, 0.00150098, 0.000728235, 0.000223591, 0.000220954
      159.546
      320
      2.88
      126.469, 145.748, 155.145, 159.545, 167.489, 192.379, 202.575, 207.305, 211.905, 213.115, 226.018, 233.557, 236.845
      0.00328536, 0.0036215, 0.00581569, 0.00767124, 0.0132288, 0.0399061, 0.0466003, 0.0472311, 0.0443339, 0.0422486, 0.010678, 0.00321783, 0.00198511
      159.546
      320
      5.76
      126.478, 147.526, 156.422, 165.548, 197.181, 212.154, 218.874, 225.477, 232.078, 248.497, 252.552, 260.215, 270.698, 281.145, 324.158
      0.00508394, 0.00635936, 0.0094429, 0.0150171, 0.0511222, 0.0643936, 0.0673286, 0.0671068, 0.0607821, 0.0219966, 0.0149443, 0.00682334, 0.00203441, 0.000518352, 3.51056e-05
      159.546
      320
      11.52
      106.706, 126.119, 142.333, 156.891, 163.397, 177.415, 213.099, 228.131, 234.385, 243.926, 253.384, 259.286, 263.596, 287.423, 295.071, 300.634, 311.184, 319.904, 336.162, 359.555
      0.0010516, 0.0037201, 0.00779166, 0.0137053, 0.017845, 0.0310424, 0.0744535, 0.0871981, 0.0911764, 0.0948888, 0.0929006, 0.0872501, 0.0802993, 0.0295481, 0.0188489, 0.0131776, 0.00662433, 0.00357824, 0.000960901, 0.000119173
      159.546
      320
      23.04
      139.121, 162.96, 180.32, 211.841, 243.326, 263.524, 279.213, 288.925, 303.841, 342.922, 365.4, 380.143, 397.841, 414.901
      0.0193398, 0.0216951, 0.0378501, 0.0778415, 0.11077, 0.126114, 0.130742, 0.128828, 0.115574, 0.046395, 0.021392, 0.0121163, 0.00592919, 0.00378199
      159.546
      320
      46.08
      116.734, 142.065, 167.474, 178.911, 241.334, 265.735, 297.463, 314.933, 324.002, 336.095, 342.383, 359.567, 425.287, 452.308, 472.041, 488.79, 505.811, 545.136, 586.059
      0.00342799, 0.0126364, 0.0297269, 0.0405232, 0.116249, 0.142173, 0.167635, 0.174897, 0.17604, 0.174453, 0.17203, 0.159353, 0.0677495, 0.0393256, 0.0257891, 0.0178567, 0.0123082, 0.00508213, 0.00232201
      159.546
      320
      92.16
      158.772, 191.131, 255.131, 303.131, 324.505, 359.131, 378.945, 392.877, 405.64, 427.158, 514.912, 568.371, 599.059, 638.491, 705.778, 772.308, 851.519, 1009.94
      0.0552686, 0.0574859, 0.137386, 0.188487, 0.205652, 0.225788, 0.230566, 0.230946, 0.228912, 0.219719, 0.1248, 0.0762846, 0.0559746, 0.0369537, 0.0177834, 0.00858027, 0.00348988, 0.000559256
    Current Fall
      49
      2.49291
      5
      1.44
      3.97849, 4.17828, 4.9811, 5.92652, 6.63474, 6.73996, 7.42535, 8.89314, 9.63262, 10.3071, 10.7911, 11.9063, 12.9077, 15.3657, 17.2545
      -0.10159, -0.120846, -0.169385, -0.211051, -0.227287, -0.249401, -0.219566, -0.120698, -0.0786647, -0.0512774, -0.0372484, -0.017462, -0.00879732, -0.00140429, -0.000292541
      2.49291
      5
      2.88
      3.96375, 4.44262, 5.58875, 6.62, 6.77009, 7.86298, 9.10262, 13.0517, 14.4202, 15.6114, 16.9957, 19.1894, 20.9353, 23.694, 27.025
      -0.0321908, -0.153211, -0.224095, -0.270358, -0.300676, -0.285297, -0.257311, -0.101933, -0.0631251, -0.040533, -0.0239074, -0.0102254, -0.00506142, -0.00153414, -0.000328211
      2.49291
      5
      5.76
      4.00479, 4.8034, 6.95574, 7.11051, 8.35537, 10.5417, 13.1244, 21.1379, 23.2338, 24.9633, 26.9485, 30.9899, 34.0602, 37.0728
      -0.0353054, -0.187117, -0.326855, -0.322797, -0.317521, -0.301844, -0.268833, -0.0942896, -0.0633071, -0.0449039, -0.0300302, -0.013029, -0.00675383, -0.00395304
      2.49291
      5
      11.52
      4.50477, 7.00324, 7.14984, 10.4044, 14.4006, 19.5324, 25.2919, 31.8112, 36.4528, 41.2791, 44.7742, 50.6729, 58.7018, 64.2555
      -0.193254, -0.34052, -0.336906, -0.330126, -0.316898, -0.287935, -0.230047, -0.147194, -0.0971281, -0.0601913, -0.0419807, -0.0224376, -0.00947805, -0.00540831
      2.49291
      5
      23.04
      4.65841, 6.56466, 7.02104, 7.25766, 15.3291, 23.579, 33.2801, 44.6624, 66.6074, 76.1094, 82.9586, 94.5491, 110.359, 123.072
      -0.285969, -0.311303, -0.347659, -0.342907, -0.334848, -0.320853, -0.29239, -0.233789, -0.0988448, -0.0612114, -0.0427363, -0.022844, -0.00963407, -0.00481733
      2.49291
      5
      46.08
      4.25975, 6.77181, 6.90193, 25.569, 42.2564, 61.9487, 76.5076, 108.81, 126.977, 143.877, 155.922, 170.51, 183.741, 208.724, 253.934, 300.88
      -0.164759, -0.351183, -0.347638, -0.337404, -0.322897, -0.293093, -0.257564, -0.152337, -0.100482, -0.0655676, -0.0477208, -0.03223, -0.0224236, -0.011299, -0.00312516, -0.000817846
      2.49291
      5
      92.16
      4.2471, 6.72207, 6.84944, 46.0104, 72.6237, 89.1192, 116.598, 158.909, 241.909, 281.373, 316.307, 358.265, 415.617, 471.905
      -0.166998, -0.352407, -0.34959, -0.338695, -0.327586, -0.318232, -0.296104, -0.241539, -0.10867, -0.0661024, -0.0415401, -0.0234189, -0.0106173, -0.00531273
      4.98582
      10
      1.44
      5.93511, 6.75226, 9.07976, 9.87731, 10.5117, 11.137, 11.4735, 13.2476, 13.4416, 14.3893, 15.3253, 16.162, 17.0746, 18.1176, 21.7172
      -0.00636064, -0.0781624, -0.152452, -0.172, -0.177658, -0.177196, -0.169858, -0.0867576, -0.0871713, -0.0491825, -0.0263689, -0.014865, -0.00793715, -0.00374907, -0.000198426
      4.98582
      10
      2.88
      5.96231, 7.1571, 9.69896, 11.6624, 12.1624, 12.6523, 13.2748, 13.4224, 17.382, 18.5229, 20.0257, 21.6478, 23.4155, 25.4357, 31.7015
      -0.00609617, -0.101607, -0.193423, -0.236824, -0.242118, -0.244225, -0.238795, -0.245441, -0.0922207, -0.061598, -0.0351208, -0.0188108, -0.00946762, -0.00413767, -0.00023474
      4.98582
      10
      5.76
      6.6188, 7.86845, 9.68696, 11.5838, 13.7046, 15.3553, 17.6741, 25.1674, 27.4123, 29.0148, 32.7114, 36.0295, 38.9164, 39.6629
      -0.0684776, -0.13704, -0.206306, -0.261736, -0.310558, -0.294253, -0.260238, -0.0946474, -0.0617376, -0.0449028, -0.0210921, -0.0106259, -0.0057424, -0.00516469
      4.98582
      10
      11.52
      7.34213, 9.10798, 13.766, 14.0298, 15.7254, 19.7567, 24.8108, 40.2286, 44.6364, 49.0044, 54.8128, 61.2962, 66.9418, 76.942, 88.8638
      -0.18899, -0.195554, -0.332909, -0.329913, -0.326214, -0.310693, -0.276504, -0.0981125, -0.0635731, -0.0405103, -0.0218669, -0.0109314, -0.00586155, -0.00177112, -0.000388361
      4.98582
      10
      23.04
      7.87948, 10.8594, 14.0583, 24.7421, 30.2757, 39.0253, 48.7069, 61.5201, 70.6519, 80.1477, 87.0038, 98.5944, 114.39, 128.466, 142.449
      -0.249004, -0.259907, -0.342725, -0.326537, -0.314715, -0.28542, -0.233789, -0.149799, -0.0988391, -0.0612305, -0.0427317, -0.0228409, -0.00964175, -0.00430165, -0.00301818
      4.98582
      10
      46.08
      8.62866, 13.1425, 13.9998, 45.8592, 65.3037, 75.1923, 87.8799, 113.298, 131.394, 150.196, 163.813, 186.789, 218.048, 255.483
      -0.310518, -0.330241, -0.348008, -0.323415, -0.294549, -0.272157, -0.235687, -0.151068, -0.0997044, -0.0618083, -0.0431062, -0.0230416, -0.00974129, -0.00400721
      4.98582
      10
      92.16
      6.59578, 13.2547, 13.5031, 49.6899, 76.4667, 92.7987, 121.669, 160.017, 241.64, 275.005, 313.349, 362.165, 418.9, 489.319, 505.419
      -0.110709, -0.350883, -0.348564, -0.338864, -0.327513, -0.31824, -0.294704, -0.245507, -0.113922, -0.0752925, -0.0453774, -0.0233447, -0.0106674, -0.00400591, -0.00356246
      9.97165
      20
      1.44
      9.95742, 10.991, 14.065, 16.116, 16.9826, 17.807, 18.87, 21.5446, 22.4462, 23.3722, 24.8549, 26.6049, 27.1418, 28.4088, 31.7903
      -0.00698217, -0.0359745, -0.0921768, -0.124083, -0.132596, -0.13623, -0.125408, -0.0422322, -0.0248708, -0.0143352, -0.00551072, -0.00225402, -0.00584198, -0.00232902, -1e-22
      9.97165
      20
      2.88
      10.7154, 11.6519, 13.9181, 16.8207, 18.9654, 19.7735, 20.5568, 21.7362, 22.1618, 26.2433, 28.3805, 30.1308, 32.5021, 33.3768
      -0.0411173, -0.0536698, -0.10132, -0.153611, -0.182264, -0.18979, -0.191037, -0.181941, -0.174172, -0.0642221, -0.0333937, -0.0168261, -0.00666796, -0.0051691
      9.97165
      20
      5.76
      10.6862, 13.8179, 17.4731, 20.3368, 22.7265, 24.0633, 25.833, 27.0849, 33.2377, 35.579, 37.7628, 40.7888, 44.2109, 48.5024
      -0.0252221, -0.107828, -0.177818, -0.223234, -0.247935, -0.253237, -0.246104, -0.232901, -0.0951307, -0.0609136, -0.0394045, -0.021179, -0.0104422, -0.00583494
      9.97165
      20
      11.52
      11.8025, 14.137, 18.8025, 22.3025, 27.0166, 30.7918, 33.9621, 48.2508, 52.6763, 57.0218, 62.8361, 69.3381, 75.0011, 84.9909, 96.913
      -0.102432, -0.119173, -0.212216, -0.266164, -0.313559, -0.292716, -0.265929, -0.0981565, -0.0634862, -0.0405589, -0.0218823, -0.010909, -0.00584554, -0.00176219, -0.00039277
      9.97165
      20
      23.04
      11.848, 14.8981, 19.1382, 22.348, 26.9168, 27.4491, 36.5754, 41.2029, 44.1956, 50.0727, 57.5386, 72.9313, 78.5812, 87.182, 95.8437, 100.554, 107.237, 119.906, 130.933, 150.517, 173.844
      -0.0960701, -0.136635, -0.222942, -0.275099, -0.335017, -0.335698, -0.319081, -0.307032, -0.297073, -0.271994, -0.229328, -0.12991, -0.0997476, -0.0648428, -0.0411572, -0.0319766, -0.0222436, -0.0111621, -0.00601119, -0.0018243, -0.000405109
      9.97165
      20
      46.08
      12.8438, 18.2939, 26.9823, 51.3733, 70.5328, 81.5605, 90.9488, 136.573, 154.648, 167.731, 182.788, 195.826, 219.425, 263.342, 271.077
      -0.168338, -0.213192, -0.344495, -0.325962, -0.299171, -0.275781, -0.249864, -0.105976, -0.0674232, -0.0477657, -0.0318649, -0.0222277, -0.0116798, -0.00337532, -0.00296752
      9.97165
      20
      92.16
      15.863, 24.738, 27.1976, 79.035, 101.303, 128.638, 171.953, 221.512, 259.985, 293.963, 328.243, 370.292, 428.06, 498.479, 520.174
      -0.29685, -0.316907, -0.348569, -0.330597, -0.318214, -0.296262, -0.240184, -0.157089, -0.101196, -0.0657675, -0.0416788, -0.0234659, -0.0105871, -0.00396121, -0.00337256
      19.9433
      40
      1.44
      16.9428, 20.7288, 27.4885, 29.8448, 30.9522, 32.1314, 35.0406, 36.0445, 37.6626, 39.6239, 41.0351, 44.9428, 53.1928, 54.8392, 56.8983
      -0.00515597, -0.0257276, -0.0868918, -0.100109, -0.100199, -0.0877831, -0.028052, -0.0164637, -0.00664098, -0.00232455, -0.000929362, -4.48613e-05, -8.27584e-05, -0.00144865, -0.000337911
      19.9433
      40
      2.88
      18.9027, 20.7523, 29.0502, 32.5349, 34.0902, 35.637, 37.1943, 40.9685, 42.4564, 44.4426, 46.5936, 49.7096, 53.2096, 53.9805
      -0.0305673, -0.0317319, -0.113741, -0.140253, -0.145121, -0.140418, -0.119788, -0.0480106, -0.029659, -0.014932, -0.00712503, -0.00223511, -0.000915549, -0.00307208
      19.9433
      40
      5.76
      19.8068, 22.814, 33.2539, 37.8518, 40.123, 42.2737, 43.6877, 49.169, 53.1018, 53.1933, 56.0213, 59.7035, 62.5877, 67.5915, 73.5614
      -0.0435957, -0.057425, -0.163473, -0.193951, -0.197819, -0.18774, -0.172145, -0.0841653, -0.0410572, -0.0435714, -0.0247862, -0.011597, -0.00624089, -0.00200878, -0.000446423
      19.9433
      40
      11.52
      19.7394, 23.2265, 31.7844, 38.1258, 43.2132, 46.7211, 50.1853, 53.895, 63.9805, 70.5725, 75.4771, 80.3224, 86.0115, 101.533, 113.645
      -0.0358354, -0.0659949, -0.158622, -0.214808, -0.246693, -0.258042, -0.252055, -0.228777, -0.10203, -0.0539108, -0.0322643, -0.0191576, -0.0103076, -0.00155479, -0.000571413
      19.9433
      40
      23.04
      21.2905, 25.3194, 31.7904, 39.8728, 46.9016, 50.4249, 53.9057, 60.6006, 67.559, 73.9433, 89.303, 94.9778, 103.607, 112.233, 116.948, 123.635, 136.334, 147.39, 166.974, 190.308
      -0.0849921, -0.0912435, -0.162452, -0.236998, -0.287027, -0.305287, -0.316771, -0.296977, -0.266445, -0.229336, -0.130105, -0.0997835, -0.0647758, -0.041192, -0.031994, -0.0222513, -0.0111475, -0.00599321, -0.00181881, -0.000403641
      19.9433
      40
      46.08
      23.5352, 30.6967, 42.239, 53.6855, 54.5825, 55.5092, 57.0412, 58.9141, 61.5176, 64.3334, 75.3146, 99.2135, 155.655, 170.629, 190.286, 213.162, 246.057, 269.53, 339.949
      -0.146788, -0.15544, -0.263279, -0.340983, -0.333951, -0.338472, -0.332941, -0.335414, -0.329693, -0.330546, -0.318536, -0.273386, -0.0983964, -0.0684852, -0.0398606, -0.0211586, -0.00909614, -0.00402335, -0.000997208
      19.9433
      40
      92.16
      26.3401, 37.8401, 53.7495, 54.5284, 55.3332, 56.6245, 58.2933, 74.5044, 117.617, 158.125, 277.868, 346.83, 401.4, 457.911, 491.549
      -0.205777, -0.224898, -0.348525, -0.342447, -0.346811, -0.342664, -0.34547, -0.339938, -0.319298, -0.282929, -0.0986889, -0.0399278, -0.0187489, -0.00840488, -0.00693351
      39.8866
      80
      1.44
      29.5517, 36.3526, 39.601, 49.0951, 52.4372, 53.9549, 55.8334, 59.5395, 61.3278, 63.2675, 64.0517, 64.1065
      -0.000896524, -0.00944138, -0.0173021, -0.0604084, -0.0718917, -0.0740941, -0.0652035, -0.0196919, -0.00858951, -0.00327964, -0.00222895, -0.00220465
      39.8866
      80
      2.88
      32.7844, 36.3511, 40.0097, 53.5002, 57.9929, 60.0892, 62.477, 67.7923, 70.0874, 72.1024, 73.7437, 75.9886, 77.3329
      -0.0117938, -0.0130774, -0.0239413, -0.0910181, -0.105378, -0.106672, -0.0929797, -0.0301041, -0.0152294, -0.0081326, -0.00476034, -0.00222532, -0.00190263
      39.8866
      80
      5.76
      33.8702, 38.1814, 39.7802, 56.4682, 63.3581, 66.3814, 68.7152, 70.6974, 80.5058, 83.4628, 85.6414, 89.8702, 93.3398, 99.3701, 112.7
      -0.0189275, -0.0222481, -0.0281045, -0.114236, -0.142396, -0.148838, -0.147536, -0.139005, -0.0439461, -0.0262453, -0.017607, -0.00793874, -0.00487832, -0.00128334, -0.000660996
      39.8866
      80
      11.52
      36.2927, 41.1574, 61.1168, 70.4712, 75.8782, 77.3701, 79.5591, 82.7183, 86.4196, 98.2638, 106.378, 114.017, 120.332, 127.527
      -0.035096, -0.0378823, -0.144023, -0.183765, -0.199136, -0.200959, -0.200971, -0.194103, -0.173824, -0.0758444, -0.0348322, -0.0166803, -0.00842086, -0.0039646
      39.8866
      80
      23.04
      39.6302, 47.7202, 63.7202, 78.0496, 85.5146, 92.4439, 97.7631, 102.41, 106.62, 128.913, 136.513, 148.346, 159.273, 171.564, 185.61, 188.209
      -0.0618234, -0.0760582, -0.163298, -0.225855, -0.24897, -0.26054, -0.258284, -0.246307, -0.22911, -0.0937088, -0.0639853, -0.0342683, -0.0189069, -0.00967104, -0.0043015, -0.00406199
      39.8866
      80
      46.08
      42.4735, 55.9001, 72.8959, 84.0813, 96.7859, 107.058, 119.617, 132.025, 188.214, 207.105, 220.619, 243.592, 275.046, 321.992, 368.938
      -0.100148, -0.124877, -0.211551, -0.257997, -0.299309, -0.318338, -0.299391, -0.272124, -0.0997194, -0.0616982, -0.0431238, -0.023048, -0.00970399, -0.00254674, -0.000669124
      39.8866
      80
      92.16
      47.3244, 63.3244, 88.3268, 106.854, 128.068, 154.211, 172.876, 193.051, 225.556, 305.698, 336.862, 373.802, 400.769, 424.242, 476.689, 547.108, 560.899
      -0.165438, -0.167971, -0.280778, -0.33863, -0.330105, -0.315456, -0.300496, -0.278844, -0.232314, -0.104837, -0.070895, -0.0434159, -0.0301224, -0.0218382, -0.0105557, -0.00397698, -0.00359865
      79.7732
      160
      1.44
      59.0826, 66.2789, 71.2031, 77.2222, 92.9542, 97.4365, 99.5851, 100.162, 106.083, 108.234, 109.469
      -0.00248755, -0.00368215, -0.00598065, -0.0121782, -0.0460349, -0.0521561, -0.0502134, -0.0479585, -0.00953612, -0.00439301, -0.00287857
      79.7732
      160
      2.88
      61.7124, 68.2197, 73.5245, 77.4802, 96.3969, 102.795, 105.693, 107.143, 108.605, 117.266, 120.165, 121.33
      -0.00681621, -0.00700948, -0.0114361, -0.0165566, -0.0628771, -0.0751945, -0.0779558, -0.0770598, -0.0728356, -0.0160674, -0.00755585, -0.00578708
      79.7732
      160
      5.76
      61.3964, 70.7143, 78.3751, 105.862, 113.077, 115.491, 117.94, 122.549, 133.211, 137.023, 141.954, 146.33, 151.862, 155.042
      -0.00674776, -0.0123023, -0.0230872, -0.0941081, -0.107084, -0.10959, -0.109768, -0.0970567, -0.0295694, -0.0162423, -0.00718988, -0.00329414, -0.00116277, -0.000964533
      79.7732
      160
      11.52
      67.4739, 79.2939, 89.6601, 102.725, 111.108, 124.787, 130.787, 136.719, 142.645, 157.188, 162.384, 168.608, 174.731, 179.474, 198.474, 220.307
      -0.0211322, -0.0299803, -0.0557988, -0.0934492, -0.114676, -0.143768, -0.151188, -0.14823, -0.129155, -0.0499747, -0.0316419, -0.0176843, -0.00977633, -0.00609142, -0.00109634, -0.000644428
      79.7732
      160
      23.04
      70.377, 82.1844, 112.429, 127.552, 135.477, 148.388, 151.552, 157.197, 165.991, 167.705, 172.777, 193.717, 202.182, 212.552, 225.048, 239.797, 258.553, 280.594
      -0.0322246, -0.0398831, -0.122692, -0.16062, -0.177048, -0.198046, -0.201436, -0.202556, -0.190812, -0.186274, -0.168907, -0.0797572, -0.0532968, -0.031352, -0.0166096, -0.00733394, -0.00239119, -0.000575288
      79.7732
      160
      46.08
      74.8557, 87.7273, 127.53, 148.791, 169.995, 183.804, 190.617, 197.439, 205.073, 213.729, 253.289, 270.681, 287.86, 310.441, 335.542, 373.989
      -0.0534967, -0.0568238, -0.165706, -0.213808, -0.249793, -0.262029, -0.261707, -0.257201, -0.24539, -0.225399, -0.101421, -0.0653834, -0.0415648, -0.0224856, -0.0112279, -0.00430273
      79.7732
      160
      92.16
      85.4098, 115.237, 151.41, 179.41, 198.41, 212.41, 239.346, 264.033, 377.956, 399.226, 436.707, 483.868, 545.403, 615.822, 620.413
      -0.0940954, -0.134865, -0.225662, -0.279827, -0.30677, -0.319694, -0.300423, -0.273203, -0.0976747, -0.0747338, -0.0455583, -0.0239432, -0.0102727, -0.00382497, -0.00370531
      159.546
      320
      1.44
      119.602, 136.004, 140.065, 146.525, 150.388, 158.114, 172.004, 180.834, 184.003, 192.004, 195.016, 197.713, 204.696, 212.004, 279.477
      -0.00205912, -0.00301326, -0.00369841, -0.00570421, -0.00749765, -0.0137386, -0.0289882, -0.0354119, -0.0347198, -0.00826985, -0.00354135, -0.00171919, -0.000577162, -0.000384608, -2.31639e-05
      159.546
      320
      2.88
      117.888, 132.322, 142.854, 151.777, 159.528, 182.078, 189.745, 192.917, 195.796, 198.813, 207.652, 213.89, 219.221
      -0.00345892, -0.00394713, -0.00692933, -0.0117261, -0.0188641, -0.0467655, -0.0536886, -0.0548902, -0.0529316, -0.0449034, -0.0107436, -0.00305131, -0.00131477
      159.546
      320
      5.76
      117.961, 133.63, 151.185, 161.729, 191.961, 201.695, 208.67, 211.961, 214.299, 228.14, 236.034, 240.136, 247.531, 255.961, 281.2
      -0.00492602, -0.00640789, -0.0149535, -0.0250485, -0.0660241, -0.0760662, -0.0801783, -0.0791266, -0.075734, -0.0240265, -0.00840753, -0.00469256, -0.00152036, -0.000443037, -2.36047e-05
      159.546
      320
      11.52
      121.567, 139.139, 149.567, 155.101, 165.067, 191.714, 211.714, 226.022, 230.089, 234.002, 241.827, 243.215, 261.896, 266.451, 272.542, 280.664, 289.328, 302.448, 318.997
      -0.00858883, -0.0116141, -0.0180877, -0.0226193, -0.0334177, -0.0716146, -0.0971363, -0.109802, -0.111688, -0.11175, -0.102398, -0.0989365, -0.0357204, -0.0250257, -0.0151913, -0.00758751, -0.00343917, -0.000881797, -0.000208096
      159.546
      320
      23.04
      135.544, 159.184, 166.102, 178.887, 205.604, 211.544, 222.167, 236.423, 249.207, 255.544, 261.073, 272.765, 284.487, 291.453, 303.544, 309.29, 315.205, 318.715, 323.961, 330.956, 335.463, 339.847, 345.691, 357.38, 363.873, 372.531, 385.202, 397.544, 421.017
      -0.0235861, -0.0310214, -0.0389238, -0.0558846, -0.0948592, -0.103114, -0.116144, -0.132522, -0.145352, -0.150375, -0.152879, -0.150225, -0.131085, -0.111634, -0.0751282, -0.0600735, -0.0466689, -0.039963, -0.031475, -0.0226226, -0.0182315, -0.014745, -0.0110495, -0.00607317, -0.00449739, -0.00287, -0.00145349, -0.000747548, -0.000349809
      159.546
      320
      46.08
      141.2, 166.386, 211.244, 256.791, 277.139, 295.64, 303.244, 313.217, 330.698, 337.914, 391.846, 408.978, 423.978, 443.366, 458.417, 481.89, 505.363, 512.94
      -0.036237, -0.0431459, -0.106125, -0.164098, -0.184297, -0.198982, -0.202675, -0.203703, -0.191998, -0.181687, -0.0698209, -0.0467505, -0.0316585, -0.0190618, -0.0125359, -0.00644509, -0.0032802, -0.00288778
      159.546
      320
      92.16
      146.067, 172.858, 255.389, 299.758, 335.999, 371.024, 394.009, 417.671, 508.287, 535.763, 577.379, 621.907, 673.27, 743.689, 750.219
      -0.0521826, -0.0538261, -0.166897, -0.217133, -0.248101, -0.263078, -0.257955, -0.237367, -0.0984113, -0.0694358, -0.039956, -0.0217293, -0.0106552, -0.00402213, -0.00384055
    Receiver Cap Rise
      2
      3.73582, 7.47165, 14.9433, 29.8866, 59.7732, 119.546, 239.093
      1.44, 2.88, 5.76, 11.52, 23.04, 46.08, 92.16
      0.924494, 0.945592, 0.962463, 0.973342, 0.979544, 0.982858, 0.984571,0.955511, 0.963582, 0.973396, 0.98128, 0.986316, 0.989168, 0.990686,0.988558, 0.98506, 0.986095, 0.989305, 0.992287, 0.994283, 0.99543,1.0224, 1.00902, 1.00332, 1.00019, 0.999725, 1.0001, 1.0005,1.05105, 1.03377, 1.02157, 1.01188, 1.00656, 1.00419, 1.00323,1.08732, 1.06326, 1.04262, 1.02746, 1.01612, 1.00956, 1.00618,1.12488, 1.09352, 1.06762, 1.04395, 1.02368, 1.01271, 1.00927
      6.26418, 12.5284, 25.0567, 50.1134, 100.227, 200.454, 400.907
      1.44, 2.88, 5.76, 11.52, 23.04, 46.08, 92.16
      1.18812, 1.08317, 1.02476, 0.986865, 0.979691, 0.966605, 0.961544,1.43488, 1.23277, 1.10494, 1.02545, 0.997596, 0.967272, 0.969887,1.72449, 1.49964, 1.25502, 1.11493, 1.03809, 1.00436, 0.987335,1.73004, 1.73007, 1.53107, 1.27343, 1.11883, 1.04106, 1.00373,1.70098, 1.72059, 1.72742, 1.55229, 1.27348, 1.1212, 1.03618,1.66082, 1.68934, 1.71264, 1.72478, 1.56634, 1.27653, 1.11206,1.61139, 1.65119, 1.68151, 1.70807, 1.72457, 1.56776, 1.27405
    Receiver Cap Fall
      2
      3.73582, 7.47165, 14.9433, 29.8866, 59.7732, 119.546, 239.093
      1.44, 2.88, 5.76, 11.52, 23.04, 46.08, 92.16
      0.939847, 0.955642, 0.969748, 0.97949, 0.985258, 0.988402, 0.990044,0.969203, 0.973746, 0.980961, 0.987636, 0.992241, 0.994955, 0.996429,0.995638, 0.992782, 0.992969, 0.995381, 0.998044, 0.999971, 1.00113,1.01904, 1.01124, 1.00478, 1.00516, 1.00496, 1.00551, 1.00606,1.03486, 1.02743, 1.0201, 1.01425, 1.01072, 1.00918, 1.00865,1.04822, 1.04136, 1.03256, 1.02403, 1.01735, 1.01307, 1.0108,1.05584, 1.04823, 1.03911, 1.02927, 1.01992, 1.01262, 1.00783
      6.26418, 12.5284, 25.0567, 50.1134, 100.227, 200.454, 400.907
      1.44, 2.88, 5.76, 11.52, 23.04, 46.08, 92.16
      1.14083, 1.06643, 1.016, 0.993724, 0.973152, 0.973956, 0.963823,1.33511, 1.18416, 1.09082, 1.02949, 1.00312, 0.992369, 0.984456,1.62604, 1.38024, 1.19502, 1.08337, 1.03318, 1.00809, 0.990729,1.73322, 1.66864, 1.40784, 1.20538, 1.08429, 1.02546, 1.00032,1.72196, 1.72577, 1.68274, 1.42566, 1.21217, 1.09025, 1.03721,1.70804, 1.71356, 1.73057, 1.69119, 1.43541, 1.21307, 1.09546,1.69433, 1.70331, 1.71135, 1.72332, 1.69569, 1.44458, 1.21112
